-36 17
25 1
-25 19
-34 14
27 1
-29 10
32 1
-32 20
-35 19
26 1
-37 8
24 4
-43 2
18 3
-22 26
-23 41
-27 9
-17 16
44 1
-15 18
33 1
-28 21
-45 1
16 9
-16 14
-8 47
-44 4
17 11
-10 42
-46 1
15 61
-14 29
-50 1
11 26
7 62
43 1
-18 10
-4 182
-40 6
21 3
2 375
-48 1
13 15
-12 20
9 35
-6 78
-42 10
19 9
-38 8
23 3
-2 901
0 1500
-9 42
14 60
-11 28
1 1400
-24 31
12 18
-13 25
3 334
-3 223
-39 9
22 5
4 131
-21 14
5 123
-20 25
-1 905
8 27
6 65
-7 49
-5 76
-41 6
20 5
10 16
30 1
-31 19
-33 16
-26 21
35 2
-19 19
42 1
-30 21
31 1
