-25 19
-35 18
-36 18
25 2
-32 24
-34 12
27 2
-37 7
24 3
33 1
-28 18
-24 36
-42 5
19 6
-22 21
-15 19
-30 16
32 1
-29 15
34 1
-27 12
-44 2
17 7
-16 13
-9 44
-45 1
16 13
9 22
-8 49
14 95
-11 28
-39 8
22 5
-3 233
6 89
-6 63
0 1000 
-10 40
-46 1
15 26
3 248
-14 26
-50 1
11 23
-2 474
-38 9
23 3
4 152
-21 19
5 102
-20 25
-1 666
2 461
-23 36
-4 172
-40 7
21 2
1 692
-48 1
13 17
-12 20
8 40
44 1
-17 13
7 38
-18 13
10 19
-13 28
12 16
-5 91
-41 11
20 6
30 2
-31 15
-43 4
18 6
-7 47
-33 18
-26 21
35 1
-19 19
42 2
