1 0.0307483799323
2 0.113718261159
3 0.180064454168
4 0.399781181082
5 0.65905304851
6 0.463778705586
7 0.634239197889
8 0.871006805962
9 0.872737929995
10 0.991416294425
11 0.918275904784
12 0.997297803142
13 0.984180133925
14 0.750595114323
15 0.979504540281
16 0.997304069958
17 0.983069260656
18 0.98893362139
19 0.9812654684
20 0.957197193486
21 0.958261984267
22 0.977019560418
23 0.990227654642
24 0.993683862159
25 0.98917303015
26 0.974936711543
27 0.981190359057
28 0.965470608502
29 0.973854155951
30 0.978257523543
31 0.97933098559
32 0.992826115983
33 0.996886848987
34 0.997536620455
35 0.999657563934
36 0.999760937558
37 0.946131014895
38 0.964451798201
39 0.943161509124
40 0.968007157099
41 0.963901324035
42 0.99018553682
43 0.990534808605
44 0.91536274746
45 0.999729008453
46 0.999994937408
47 0.999998068289
48 0.999996357668
49 0.999954032647
50 0.999587296265
51 0.999935356323
52 0.998101476679
53 0.911643021973
54 0.297628290955
55 0.0317587609571
56 0.011824532244
57 0.000916009488114
58 2.74672723964e-05
59 6.04373190383e-08
60 5.24469356833e-13
61 1.11022302463e-16
62 0.0
63 0.0
64 0.0
65 0.0
66 0.0
67 0.0
68 0.0
69 0.0
70 0.0
71 0.0
72 0.0
73 0.0
74 0.0
75 0.0
76 0.0
77 0.0
78 0.0
79 0.0
80 0.0
81 0.0
82 0.0
83 0.0
84 0.0
85 0.0
86 0.0
87 0.0
88 0.0
89 0.0
90 0.0
91 0.0
92 0.0
93 0.0
94 0.0
95 0.0
96 0.0
97 0.0
98 0.0
99 0.0
